382.881801
359.603145
336.324490
313.045834
289.767179
266.488524
382.792109
359.513453
336.234798
312.956142
289.677487
266.398832
382.702417
359.423761
336.145106
312.866450
289.587795
266.309140
382.612725
359.334069
336.055414
312.776758
289.498103
266.219448
382.523033
359.244377
335.965722
312.687066
289.408411
266.129756
382.433341
359.154685
335.876030
312.597374
289.318719
266.040064
382.343649
359.064993
335.786338
312.507682
289.229027
265.950372
382.253957
358.975301
335.696646
312.417990
289.139335
265.860680
382.164265
358.885609
335.606954
312.328298
289.049643
265.770988
