282.737725
283.594581
284.451437
285.308294
286.165150
287.022007
287.142473
287.999329
288.856185
289.713042
290.569898
291.426754
291.547220
292.404077
293.260933
294.117789
294.974646
295.831502
295.951968
296.808825
297.665681
298.522537
299.379394
300.236250
300.356716
301.213572
302.070429
302.927285
303.784141
304.640998
304.761464
305.618320
306.475176
307.332033
308.188889
309.045745
309.166212
310.023068
310.879924
311.736781
312.593637
313.450493
313.570959
314.427816
315.284672
316.141528
316.998385
317.855241
317.975707
318.832563
319.689420
320.546276
321.403133
322.259989
