377.638921
358.166816
338.694711
319.222606
299.750501
280.278396
374.199994
354.727889
335.255784
315.783679
296.311574
276.839469
370.761067
351.288962
331.816857
312.344751
292.872646
273.400541
367.322139
347.850034
328.377929
308.905824
289.433719
269.961614
363.883212
344.411107
324.939002
305.466897
285.994792
266.522687
360.444285
340.972180
321.500075
302.027970
282.555865
263.083760
357.005358
337.533253
318.061148
298.589043
279.116938
259.644833
353.566431
334.094326
314.622221
295.150115
275.678010
256.205905
350.127503
330.655398
311.183293
291.711188
272.239083
252.766978
