342.969957
331.168427
319.366896
307.565366
295.763836
283.962305
360.766141
348.964611
337.163081
325.361550
313.560020
301.758489
378.562326
366.760795
354.959265
343.157734
331.356204
319.554674
396.358510
384.556979
372.755449
360.953919
349.152388
337.350858
414.154694
402.353164
390.551633
378.750103
366.948572
355.147042
431.950878
420.149348
408.347817
396.546287
384.744757
372.943226
449.747062
437.945532
426.144001
414.342471
402.540941
390.739410
467.543246
455.741716
443.940186
432.138655
420.337125
408.535594
485.339431
473.537900
461.736370
449.934839
438.133309
426.331779
