257.022144
255.342314
253.662483
251.982652
250.302822
248.622991
277.521604
275.841774
274.161943
272.482113
270.802282
269.122452
298.021065
296.341234
294.661404
292.981573
291.301743
289.621912
318.520525
316.840695
315.160864
313.481033
311.801203
310.121372
339.019986
337.340155
335.660324
333.980494
332.300663
330.620833
359.519446
357.839615
356.159785
354.479954
352.800124
351.120293
380.018906
378.339076
376.659245
374.979415
373.299584
371.619753
400.518367
398.838536
397.158706
395.478875
393.799044
392.119214
421.017827
419.337996
417.658166
415.978335
414.298505
412.618674
