483.947935
473.432261
462.916586
452.400912
441.885238
431.369564
467.261409
456.745735
446.230061
435.714386
425.198712
414.683038
450.574883
440.059209
429.543535
419.027860
408.512186
397.996512
433.888357
423.372683
412.857009
402.341334
391.825660
381.309986
417.201831
406.686157
396.170483
385.654809
375.139134
364.623460
400.515305
389.999631
379.483957
368.968283
358.452608
347.936934
383.828780
373.313105
362.797431
352.281757
341.766083
331.250408
367.142254
356.626579
346.110905
335.595231
325.079557
314.563882
350.455728
339.940053
329.424379
318.908705
308.393031
297.877357
