304.339869
286.649715
268.959561
251.269407
233.579253
215.889099
319.416402
301.726248
284.036094
266.345940
248.655786
230.965632
334.492935
316.802781
299.112627
281.422473
263.732320
246.042166
349.569468
331.879314
314.189161
296.499007
278.808853
261.118699
364.646002
346.955848
329.265694
311.575540
293.885386
276.195232
379.722535
362.032381
344.342227
326.652073
308.961919
291.271765
394.799068
377.108914
359.418760
341.728606
324.038452
306.348298
409.875601
392.185447
374.495293
356.805139
339.114986
321.424832
424.952134
407.261980
389.571827
371.881673
354.191519
336.501365
