551.511955
548.697696
545.883438
543.069179
540.254920
537.440661
551.330736
548.516478
545.702219
542.887960
540.073702
537.259443
551.149518
548.335259
545.521000
542.706742
539.892483
537.078224
550.968299
548.154040
545.339782
542.525523
539.711264
536.897005
550.787080
547.972822
545.158563
542.344304
539.530046
536.715787
550.605862
547.791603
544.977344
542.163086
539.348827
536.534568
550.424643
547.610384
544.796126
541.981867
539.167608
536.353350
550.243424
547.429166
544.614907
541.800648
538.986390
536.172131
550.062206
547.247947
544.433688
541.619430
538.805171
535.990912
