335.407032
334.615964
333.824895
333.033827
332.242759
331.451690
354.579925
353.788857
352.997788
352.206720
351.415652
350.624583
373.752818
372.961749
372.170681
371.379613
370.588544
369.797476
392.925710
392.134642
391.343574
390.552505
389.761437
388.970369
412.098603
411.307535
410.516466
409.725398
408.934330
408.143261
431.271496
430.480427
429.689359
428.898291
428.107222
427.316154
450.444389
449.653320
448.862252
448.071184
447.280115
446.489047
469.617281
468.826213
468.035145
467.244076
466.453008
465.661940
488.790174
487.999106
487.208037
486.416969
485.625901
484.834832
