449.691734
453.632834
457.573934
461.515035
465.456135
469.397236
427.288115
431.229215
435.170316
439.111416
443.052516
446.993617
404.884496
408.825596
412.766697
416.707797
420.648898
424.589998
382.480877
386.421978
390.363078
394.304179
398.245279
402.186379
360.077259
364.018359
367.959459
371.900560
375.841660
379.782761
337.673640
341.614740
345.555841
349.496941
353.438041
357.379142
315.270021
319.211121
323.152222
327.093322
331.034423
334.975523
292.866402
296.807503
300.748603
304.689703
308.630804
312.571904
270.462783
274.403884
278.344984
282.286085
286.227185
290.168286
