403.667829
402.571841
401.475853
400.379865
399.283877
398.187889
424.352066
423.256077
422.160089
421.064101
419.968113
418.872125
445.036302
443.940313
442.844325
441.748337
440.652349
439.556361
465.720538
464.624550
463.528561
462.432573
461.336585
460.240597
486.404774
485.308786
484.212798
483.116809
482.020821
480.924833
507.089010
505.993022
504.897034
503.801045
502.705057
501.609069
527.773246
526.677258
525.581270
524.485282
523.389293
522.293305
548.457482
547.361494
546.265506
545.169518
544.073530
542.977541
569.141718
568.045730
566.949742
565.853754
564.757766
563.661777
