452.969764
452.458922
451.948080
451.437238
450.926396
450.415554
434.188526
433.677684
433.166842
432.656000
432.145158
431.634315
415.407287
414.896445
414.385603
413.874761
413.363919
412.853077
396.626049
396.115207
395.604365
395.093523
394.582681
394.071838
377.844811
377.333968
376.823126
376.312284
375.801442
375.290600
359.063572
358.552730
358.041888
357.531046
357.020204
356.509362
340.282334
339.771492
339.260649
338.749807
338.238965
337.728123
321.501095
320.990253
320.479411
319.968569
319.457727
318.946885
302.719857
302.209015
301.698173
301.187330
300.676488
300.165646
