438.740680
448.082721
457.424762
466.766803
476.108845
485.450886
421.900530
431.242571
440.584612
449.926653
459.268695
468.610736
405.060380
414.402421
423.744462
433.086504
442.428545
451.770586
388.220230
397.562271
406.904313
416.246354
425.588395
434.930436
371.380080
380.722121
390.064163
399.406204
408.748245
418.090286
354.539930
363.881972
373.224013
382.566054
391.908095
401.250136
337.699781
347.041822
356.383863
365.725904
375.067945
384.409986
320.859631
330.201672
339.543713
348.885754
358.227795
367.569836
304.019481
313.361522
322.703563
332.045604
341.387645
350.729687
