576.502473
575.807057
575.111641
574.416225
573.720809
573.025394
560.970956
560.275540
559.580124
558.884708
558.189292
557.493876
545.439439
544.744023
544.048607
543.353191
542.657775
541.962359
529.907922
529.212506
528.517090
527.821674
527.126258
526.430842
514.376405
513.680989
512.985573
512.290157
511.594741
510.899325
498.844888
498.149472
497.454056
496.758640
496.063224
495.367808
483.313370
482.617955
481.922539
481.227123
480.531707
479.836291
467.781853
467.086437
466.391021
465.695605
465.000190
464.304774
452.250336
451.554920
450.859504
450.164088
449.468672
448.773256
