355.664688
355.788936
355.913184
356.037433
356.161681
356.285929
380.620465
380.744714
380.868962
380.993210
381.117458
381.241707
405.576243
405.700491
405.824739
405.948987
406.073236
406.197484
430.532020
430.656268
430.780516
430.904765
431.029013
431.153261
455.487797
455.612045
455.736294
455.860542
455.984790
456.109038
480.443575
480.567823
480.692071
480.816319
480.940568
481.064816
505.399352
505.523600
505.647848
505.772097
505.896345
506.020593
530.355129
530.479377
530.603626
530.727874
530.852122
530.976370
555.310906
555.435155
555.559403
555.683651
555.807899
555.932148
