275.241740
278.654084
282.066428
285.478772
288.891116
292.303460
294.762676
298.175020
301.587364
304.999708
308.412052
311.824396
314.283613
317.695957
321.108301
324.520645
327.932989
331.345333
333.804549
337.216893
340.629237
344.041581
347.453925
350.866269
353.325486
356.737830
360.150174
363.562518
366.974862
370.387206
372.846422
376.258766
379.671110
383.083454
386.495798
389.908142
392.367358
395.779702
399.192046
402.604390
406.016734
409.429078
411.888295
415.300639
418.712983
422.125327
425.537671
428.950015
431.409231
434.821575
438.233919
441.646263
445.058607
448.470951
