302.770541
283.214516
263.658490
244.102464
224.546439
204.990413
304.841023
285.284998
265.728972
246.172946
226.616920
207.060895
306.911505
287.355480
267.799454
248.243428
228.687402
209.131377
308.981987
289.425961
269.869936
250.313910
230.757884
211.201859
311.052469
291.496443
271.940418
252.384392
232.828366
213.272340
313.122951
293.566925
274.010900
254.454874
234.898848
215.342822
315.193433
295.637407
276.081381
256.525356
236.969330
217.413304
317.263915
297.707889
278.151863
258.595838
239.039812
219.483786
319.334397
299.778371
280.222345
260.666320
241.110294
221.554268
