292.696374
296.689908
300.683442
304.676976
308.670510
312.664043
313.004984
316.998517
320.992051
324.985585
328.979119
332.972653
333.313593
337.307127
341.300661
345.294194
349.287728
353.281262
353.622202
357.615736
361.609270
365.602804
369.596338
373.589871
373.930812
377.924346
381.917879
385.911413
389.904947
393.898481
394.239421
398.232955
402.226489
406.220023
410.213556
414.207090
414.548030
418.541564
422.535098
426.528632
430.522166
434.515700
434.856640
438.850174
442.843707
446.837241
450.830775
454.824309
455.165249
459.158783
463.152317
467.145851
471.139385
475.132918
